YSlices/XYSlices_neu/missing_1_1/11_300_V15_12m/wind_15h_z1.dat = 0.658510310421
YSlices/XYSlices_neu/missing_1_1/11_300_V15_12m/pT_15h_z1.dat = 297.678580987
YSlices/XYSlices_neu/missing_1_1/11_300_V15_12m/RH_15h_z1.dat = 67.034267184
YSlices/XYSlices_neu/missing_1_1/11_300_V15_12m/mrT_15h_z1.dat = 325.261069956
YSlices/XYSlices_neu/missing_1_1/11_300_V11/wind_15h_z1.dat = 0.846620509978
YSlices/XYSlices_neu/missing_1_1/11_300_V11/pT_15h_z1.dat = 297.798756652
YSlices/XYSlices_neu/missing_1_1/11_300_V11/RH_15h_z1.dat = 66.5080203437
YSlices/XYSlices_neu/missing_1_1/11_300_V11/mrT_15h_z1.dat = 345.220795898
YSlices/XYSlices_neu/missing_1_1/11_300_V6_12m/wind_15h_z1.dat = 0.624752383592
YSlices/XYSlices_neu/missing_1_1/11_300_V6_12m/pT_15h_z1.dat = 297.70024684
YSlices/XYSlices_neu/missing_1_1/11_300_V6_12m/RH_15h_z1.dat = 67.3607325942
YSlices/XYSlices_neu/missing_1_1/11_300_V6_12m/mrT_15h_z1.dat = 325.323332871
YSlices/XYSlices_neu/missing_1_1/11_300_V7_12m/wind_15h_z1.dat = 0.667149445676
YSlices/XYSlices_neu/missing_1_1/11_300_V7_12m/pT_15h_z1.dat = 297.702453548
YSlices/XYSlices_neu/missing_1_1/11_300_V7_12m/RH_15h_z1.dat = 67.268362694
YSlices/XYSlices_neu/missing_1_1/11_300_V7_12m/mrT_15h_z1.dat = 326.104246231
